
Errori presenti nelle metodiche e riportate attraverso gli indici:

error_metodica_caratteri_non_consentiti: 

error_metodica_spazio_bordi: 
186, 
187, 
188, 
199, 
294, 
296, 
304, 
305, 
307, 
311, 
312, 
318, 
319, 
328, 
329, 
342, 
344, 
346, 
347, 
348, 
377, 
378, 
379, 
381, 
382, 
383, 
385, 
386, 
387, 
388, 
389, 
390, 
391, 
392, 
393, 
395, 
396, 
397, 
398, 
399, 
400, 
401, 
402, 
403, 
404, 
405, 
408, 
411, 
412, 
413, 
414, 
415, 
416, 
421, 
422, 
427, 
428, 
429, 
431, 
432, 
433, 
434, 
435, 
436, 
437, 
438, 
439, 
440, 
444, 
445, 
458, 
459, 
470, 
471, 
510, 
511, 
512, 
513, 
514, 
515, 
516, 
521, 
522, 
523, 
524, 
527, 
528, 
529, 
530, 
531, 
532, 
533, 
534, 
535, 
536, 
540, 
541, 
542, 
543, 
545, 
546, 
548, 
549, 
554, 
555, 
559, 
560, 
561, 
562, 
563, 
564, 
565, 
566, 
567, 
570, 
571, 
572, 
573, 
574, 
575, 
576, 
579, 
581, 
583, 
584, 
585, 
586, 
587, 
588, 
589, 
590, 
591, 
592, 
593, 
594, 
595, 
596, 
597, 
599, 
600, 
605, 
606, 
607, 
608, 
609, 
612, 
613, 
614, 
615, 
616, 
617, 
618, 
619, 
620, 
625, 
626, 
627, 
628, 
631, 
632, 
633, 
634, 
635, 
636, 
637, 
638, 
639, 
640, 
644, 
645, 
646, 
647, 
649, 
650, 
652, 
653, 
657, 
658, 
659, 
660, 
661, 
662, 
663, 
664, 
665, 
670, 
671, 
672, 
673, 
674, 
677, 
678, 
679, 
680, 
681, 
682, 
683, 
684, 
685, 
686, 
690, 
691, 
692, 
693, 
695, 
696, 
698, 
699, 
701, 
702, 
703, 
727, 
729, 
730, 
731, 
732, 
733, 
734, 
736, 
737, 
738, 
739, 
740, 
741, 
742, 
743, 
744, 
746, 
747, 
748, 
755, 
792, 
793, 
797, 
798, 
824, 
825, 
847, 
848, 
849, 
850, 
851, 
852, 
853, 
854, 
858, 
859, 
860, 
861, 
862, 
863, 
864, 
865, 
866, 
867, 
868, 
910, 
911, 
919, 
923, 
924, 
932, 
933, 
955, 
1499, 
1500, 
1503, 
1504, 
1508, 
1517, 
1523, 
1533, 
1536, 
1537, 
1541, 
1542, 
1559, 
1561, 
1568, 
1570, 
1578, 
1580, 
1584, 
1585, 
1586, 
1587, 
1603, 
1607, 
1608, 
1636, 
1637, 
1640, 
1646, 
1647, 
1648, 
1649, 
1650, 
1651, 
1652, 
1657, 
1659, 
1660, 
1662, 
1674, 
1675, 
1676, 
1696, 
1697, 
1700, 
1701, 
1703, 
1715, 
1716, 
1733, 
1734, 
1738, 
1739, 
1742, 
1743, 
1745
error_metodica_spazio_internamente: 
\error_metodica_inprestazione: 
4, 
7, 
10, 
13, 
14, 
15, 
16, 
17, 
18, 
19, 
20, 
21, 
30, 
31, 
34, 
37, 
38, 
39, 
40, 
41, 
42, 
43, 
44, 
45, 
46, 
47, 
48, 
51, 
52, 
54, 
55, 
56, 
57, 
58, 
60, 
61, 
62, 
63, 
64, 
65, 
66, 
76, 
77, 
78, 
79, 
80, 
81, 
82, 
83, 
84, 
85, 
86, 
89, 
90, 
92, 
93, 
94, 
95, 
96, 
97, 
98, 
99, 
100, 
104, 
105, 
106, 
107, 
108, 
109, 
111, 
113, 
116, 
137, 
138, 
139, 
152, 
153, 
154, 
155, 
156, 
160, 
162, 
163, 
164, 
165, 
166, 
167, 
168, 
169, 
170, 
171, 
186, 
187, 
188, 
199, 
205, 
206, 
209, 
210, 
211, 
212, 
213, 
214, 
215, 
227, 
228, 
229, 
230, 
231, 
232, 
235, 
236, 
237, 
238, 
239, 
240, 
241, 
242, 
247, 
248, 
249, 
250, 
251, 
252, 
253, 
255, 
256, 
257, 
258, 
259, 
260, 
263, 
264, 
265, 
266, 
267, 
270, 
271, 
272, 
273, 
274, 
275, 
276, 
277, 
280, 
281, 
282, 
283, 
284, 
294, 
296, 
304, 
305, 
307, 
311, 
312, 
318, 
319, 
328, 
329, 
342, 
344, 
346, 
347, 
348, 
374, 
375, 
376, 
377, 
378, 
379, 
381, 
382, 
383, 
385, 
386, 
387, 
388, 
389, 
390, 
391, 
392, 
393, 
395, 
396, 
397, 
398, 
399, 
400, 
401, 
402, 
403, 
404, 
405, 
408, 
411, 
412, 
413, 
414, 
415, 
416, 
421, 
422, 
427, 
428, 
429, 
431, 
432, 
433, 
434, 
435, 
436, 
437, 
438, 
439, 
440, 
444, 
445, 
458, 
459, 
469, 
470, 
471, 
509, 
510, 
511, 
512, 
513, 
514, 
515, 
516, 
521, 
522, 
523, 
524, 
527, 
528, 
529, 
530, 
531, 
532, 
533, 
534, 
535, 
536, 
540, 
541, 
542, 
543, 
545, 
546, 
548, 
549, 
554, 
555, 
559, 
560, 
561, 
562, 
563, 
564, 
565, 
566, 
567, 
570, 
571, 
572, 
573, 
574, 
575, 
576, 
579, 
581, 
583, 
584, 
585, 
586, 
587, 
588, 
589, 
590, 
591, 
592, 
593, 
594, 
595, 
596, 
597, 
599, 
600, 
605, 
606, 
607, 
608, 
609, 
612, 
613, 
614, 
615, 
616, 
617, 
618, 
619, 
620, 
625, 
626, 
627, 
628, 
631, 
632, 
633, 
634, 
635, 
636, 
637, 
638, 
639, 
640, 
644, 
645, 
646, 
647, 
649, 
650, 
652, 
653, 
657, 
658, 
659, 
660, 
661, 
662, 
663, 
664, 
665, 
670, 
671, 
672, 
673, 
674, 
677, 
678, 
679, 
680, 
681, 
682, 
683, 
684, 
685, 
686, 
690, 
691, 
692, 
693, 
695, 
696, 
698, 
699, 
701, 
702, 
703, 
716, 
727, 
729, 
730, 
731, 
732, 
733, 
734, 
736, 
737, 
738, 
739, 
740, 
741, 
742, 
743, 
744, 
746, 
747, 
748, 
755, 
778, 
781, 
782, 
783, 
784, 
785, 
786, 
787, 
788, 
789, 
792, 
793, 
797, 
798, 
801, 
802, 
803, 
804, 
805, 
806, 
807, 
808, 
811, 
812, 
813, 
814, 
815, 
816, 
824, 
825, 
831, 
834, 
835, 
836, 
837, 
838, 
839, 
840, 
841, 
842, 
847, 
848, 
849, 
850, 
851, 
852, 
853, 
854, 
857, 
858, 
859, 
860, 
861, 
862, 
863, 
864, 
865, 
866, 
867, 
868, 
910, 
911, 
919, 
923, 
924, 
932, 
933, 
948, 
949, 
955, 
1499, 
1500, 
1503, 
1504, 
1507, 
1508, 
1516, 
1517, 
1522, 
1523, 
1532, 
1533, 
1536, 
1537, 
1541, 
1542, 
1546, 
1547, 
1549, 
1554, 
1559, 
1561, 
1568, 
1570, 
1578, 
1580, 
1584, 
1585, 
1586, 
1587, 
1603, 
1607, 
1608, 
1636, 
1637, 
1639, 
1640, 
1645, 
1646, 
1647, 
1648, 
1649, 
1650, 
1651, 
1652, 
1653, 
1654, 
1657, 
1659, 
1660, 
1662, 
1674, 
1675, 
1676, 
1696, 
1697, 
1699, 
1700, 
1701, 
1703, 
1715, 
1716, 
1733, 
1734, 
1738, 
1739, 
1741, 
1742, 
1743, 
1745
error_metodica_descrizione: 

error_metodica_separatore: 
59, 67, 68, 70, 71, 73, 74, 102, 103, 140, 141, 157, 158, 172, 173, 178, 179, 186, 187, 188, 199, 294, 296, 304, 305, 307, 311, 312, 318, 319, 328, 329, 342, 344, 346, 347, 348, 377, 378, 379, 381, 382, 383, 385, 386, 387, 388, 389, 390, 391, 392, 393, 395, 396, 397, 398, 399, 400, 401, 402, 403, 404, 405, 408, 411, 412, 413, 414, 415, 416, 421, 422, 427, 428, 429, 431, 432, 433, 434, 435, 436, 437, 438, 439, 440, 444, 445, 458, 459, 470, 471, 510, 511, 512, 513, 514, 515, 516, 521, 522, 523, 524, 527, 528, 529, 530, 531, 532, 533, 534, 535, 536, 540, 541, 542, 543, 545, 546, 548, 549, 554, 555, 559, 560, 561, 562, 563, 564, 565, 566, 567, 570, 571, 572, 573, 574, 575, 576, 579, 581, 583, 584, 585, 586, 587, 588, 589, 590, 591, 592, 593, 594, 595, 596, 597, 599, 600, 605, 606, 607, 608, 609, 612, 613, 614, 615, 616, 617, 618, 619, 620, 625, 626, 627, 628, 631, 632, 633, 634, 635, 636, 637, 638, 639, 640, 644, 645, 646, 647, 649, 650, 652, 653, 657, 658, 659, 660, 661, 662, 663, 664, 665, 670, 671, 672, 673, 674, 677, 678, 679, 680, 681, 682, 683, 684, 685, 686, 690, 691, 692, 693, 695, 696, 698, 699, 701, 702, 703, 727, 729, 730, 731, 732, 733, 734, 736, 737, 738, 739, 740, 741, 742, 743, 744, 746, 747, 748, 755, 792, 793, 796, 797, 798, 819, 820, 821, 822, 823, 824, 825, 826, 827, 830, 845, 846, 847, 848, 849, 850, 851, 852, 853, 854, 858, 859, 860, 861, 862, 863, 864, 865, 866, 867, 868, 910, 911, 919, 923, 924, 932, 933, 955, 1499, 1500, 1503, 1504, 1508, 1517, 1523, 1533, 1536, 1537, 1541, 1542, 1559, 1561, 1568, 1570, 1578, 1580, 1584, 1585, 1586, 1587, 1603, 1607, 1608, 1636, 1637, 1640, 1646, 1647, 1648, 1649, 1650, 1651, 1652, 1657, 1659, 1660, 1662, 1674, 1675, 1676, 1696, 1697, 1700, 1701, 1703, 1715, 1716, 1733, 1734, 1738, 1739, 1742, 1743, 1745